3.19497
3.40677
2.75846
3.33338
3.32521
4.56285
5.83496
4.97806
2.90017
2.95515
4.38001
2.74470
3.37439
3.09905
3.29935
4.43780
2.71540
4.12617
2.62444
3.61537
3.17939
3.77603
3.43805
5.07001
2.99127
3.15481
4.57824
4.56317
4.19016
2.74620
3.64073
3.44402
4.63701
4.35419
5.21312
4.72725
4.32420
2.91488
2.56115
5.90475
2.92664
3.56595
5.75230
2.93699
3.28562
4.42191
5.58471
5.01348
5.72578
5.61663
5.79863
5.22183
3.02969
2.55386
4.44813
2.82255
3.16193
3.27736
5.33302
5.43954
5.52901
5.61068
4.72317
3.70552
5.74743
4.61167
5.52204
5.21550
5.19113
5.03168
4.21631
5.46617
5.63032
5.39846
4.83142
3.72824
5.12837
5.44354
5.60618
3.28477
3.54717
2.84793
3.33624
3.03845
4.97032
5.70906
4.56883
3.00684
3.81241
3.35707
4.04932
4.98050
5.50494
5.71222
2.71985
2.62994
2.73476
3.16509
4.78649
3.34676
3.62119
3.55137
3.37240
5.24782
4.93677
4.34320
4.12283
4.07640
3.92931
3.05544
2.90582
3.54550
3.41451
3.82864
4.07325
4.50459
4.34055
4.58656
4.18025
4.85078
3.66639
5.59598
4.55372
4.07393
4.66991
4.57728
3.70829
3.03598
4.00422
3.59379
2.93450
3.86441
3.36007
4.74188
4.16113
4.92950
4.80330
3.08892
3.95005
3.58300
5.20678
3.16305
3.41604
4.79389
3.64073
2.67404
3.10731
