5.49244
5.22236
2.83141
3.58850
3.01733
4.79879
3.81883
4.84207
5.66924
3.12771
3.48082
4.81650
5.42844
2.71280
3.32767
5.59311
4.69507
4.67556
5.65054
5.03711
5.86252
5.75088
4.82727
4.48697
5.74528
5.54636
5.02001
5.47596
5.14644
4.95553
3.56139
3.87061
5.36937
4.69192
4.93458
4.28446
3.70416
3.31816
4.14464
4.52136
5.34597
5.08165
5.23131
3.04869
3.54258
3.04554
5.15343
4.26678
3.61501
5.58443
5.28962
5.10925
5.35588
4.51677
4.69656
4.63005
2.88338
3.49023
5.65302
2.91832
3.62511
3.39376
3.52202
4.74373
5.95826
4.42144
4.09822
3.97241
5.99318
4.92069
4.00556
4.60756
5.19802
4.94625
5.19142
2.70226
3.19722
4.52313
4.61425
4.85398
4.03585
5.73517
5.51185
4.21369
3.99272
4.28566
3.98853
5.32228
4.74533
4.69699
5.10190
4.21013
4.36175
3.90665
5.27808
4.47067
5.32903
5.39649
5.61216
4.25870
4.57793
2.85536
2.97034
5.80401
2.91462
3.47876
3.26833
5.75939
4.48162
4.25486
5.25903
4.34937
3.00599
2.76458
3.58275
5.92389
4.12686
4.01624
5.04021
4.72017
4.31723
5.08828
4.47586
3.96316
3.86297
5.24802
4.43258
4.16801
4.89576
5.99584
3.91082
4.03954
4.99028
3.97862
3.40720
3.93727
4.94669
5.28468
4.92393
4.58040
5.14581
5.94865
4.95213
3.87547
5.17232
4.49892
4.01922
2.89574
3.24452
3.14811
3.55103
4.94686
5.02650
4.93641
4.15655
3.56357
4.01930
4.81719
4.81856
4.01188
4.30470
3.14940
3.86488
3.97295
3.60190
5.66987
3.83541
5.50012
4.75238
4.63187
4.23917
3.63248
3.83601
2.80348
3.30226
2.88071
4.14465
3.09167
4.29769
5.91894
4.24475
5.81079
5.24027
4.32524
4.57175
3.99817
4.97236
4.15420
3.85149
3.99316
4.19683
3.37695
4.10305
4.43121
5.01649
5.38778
5.97951
4.99454
5.47257
5.18128
5.51435
5.69832
5.17017
5.49462
4.20584
3.77906
5.87634
3.85405
4.37581
3.99957
4.35492
5.80972
3.00892
3.61300
3.54100
4.86137
3.94250
3.18735
2.92773
2.80777
3.43872
3.50699
3.53412
3.93789
4.43513
4.86652
4.77850
5.14339
5.11799
5.67561
