5.92291
5.64324
3.66629
2.87965
4.84416
5.48078
4.98365
3.99757
4.84722
5.56412
5.48411
4.80774
5.40760
3.29820
4.18916
4.21727
2.94527
3.78953
4.80056
4.21561
3.79116
4.39634
3.09188
2.79937
3.27347
3.21237
3.69104
2.80728
3.21294
4.69690
5.63502
5.77541
5.14094
4.65689
4.66554
4.69778
4.32325
5.19496
5.40580
4.31264
5.50268
4.85180
3.02624
4.25651
2.80745
3.34030
3.79814
5.47315
4.05858
5.33607
3.60796
3.28294
3.36311
3.41065
3.52654
4.29076
4.27192
4.86705
5.51462
5.90340
5.25845
5.07206
3.72132
3.10570
4.48881
4.45083
3.51125
4.19459
2.92317
3.78272
4.03408
4.70244
4.38297
3.67844
2.98158
3.99085
3.47802
4.43020
4.75115
5.11972
4.70089
5.69426
4.50111
5.16545
5.58159
4.40466
3.98514
5.54567
4.25820
5.19717
5.30009
5.23041
5.38175
5.47319
2.93389
3.52478
5.80333
5.84199
2.86962
3.29296
5.72103
5.86369
5.99624
2.79219
2.69305
5.75733
4.49896
5.67961
4.57553
5.30733
4.27143
3.88058
4.09364
4.58299
4.99560
4.83733
3.75651
3.97639
3.66421
5.31005
4.75863
3.65045
4.11488
5.31922
5.67144
5.44856
5.98649
4.58873
2.99858
3.70497
3.35137
4.20270
5.26191
4.86463
4.13973
4.96766
4.97056
4.17289
5.72339
2.98778
3.63874
5.31136
3.12264
3.23240
4.74382
4.79029
5.67808
4.01713
5.48307
4.42225
2.92626
2.86374
3.39703
3.40803
3.54414
4.36734
4.38693
5.22603
4.98816
4.58350
5.36037
4.56749
3.98866
3.74568
5.72591
4.75026
5.73210
3.78894
3.51003
3.91518
4.23014
4.27883
4.08650
3.97730
4.20816
4.51869
4.24765
4.49793
3.94732
5.41268
4.07757
3.66014
3.45065
4.72471
5.01761
4.67009
3.43144
3.85406
4.74347
3.91906
4.38632
3.67349
2.76973
3.51429
3.43578
3.91842
3.92873
5.08128
4.81216
4.08491
3.76529
3.88399
4.14308
3.84524
4.05524
4.50343
5.47844
5.32866
4.16435
4.28778
5.79636
4.07893
4.40011
