4.55498
5.37135
5.59202
5.23257
2.89574
3.56390
5.80766
3.18625
3.79212
3.48868
3.93006
4.01739
4.51413
4.63496
4.46955
5.74243
5.41640
3.61003
3.42489
2.76487
5.06515
4.82331
4.79339
5.24851
5.25442
2.71514
3.66274
3.48404
3.96759
5.58615
4.14489
4.04402
2.98950
3.87480
3.24305
3.63377
4.03278
5.65425
5.24841
4.52011
5.40989
4.13653
5.06972
5.79304
4.28872
4.10428
5.07844
4.22551
4.42897
5.33845
4.88185
5.84699
5.20774
5.39315
5.39068
4.48319
3.78102
4.88117
4.69882
5.33177
3.43914
3.77482
5.38796
3.72914
5.85014
4.42250
4.41681
3.85504
3.69103
3.79880
4.82835
4.33740
5.25347
4.46193
3.72780
4.77122
4.03161
4.43417
3.11833
2.73031
4.99225
2.81400
3.57481
3.36124
4.78099
5.99595
3.68927
3.61212
4.16362
4.38584
5.37286
4.08021
3.70250
5.78455
5.01476
3.10887
3.60963
4.85078
3.75480
4.12334
4.84621
5.02364
3.67116
4.24699
3.78768
3.71745
4.05569
3.86753
4.71047
4.93334
4.89892
5.01491
5.81077
4.68603
3.86438
3.38161
3.50654
3.08911
3.45920
3.70116
4.32146
5.73876
5.40135
4.53790
3.65482
5.12709
4.57437
4.65679
3.86293
4.92875
4.83468
4.42348
4.57193
4.10055
3.84793
3.98695
4.60453
4.45374
5.52230
4.03358
3.80054
3.99612
3.92022
4.26569
3.53986
4.77123
5.71176
4.35407
5.20033
4.13119
5.38163
5.93710
5.04176
5.70591
4.19345
5.61546
5.63409
4.82670
4.40352
4.58194
5.74682
5.62020
3.12655
4.03570
3.45313
3.90469
3.70407
3.65267
5.16109
5.49293
5.99243
4.62781
4.39401
2.84559
3.03233
3.99611
4.02574
3.43513
5.20808
4.50699
4.91005
4.37906
4.31729
5.16980
5.63683
4.67167
5.53817
5.61100
4.25927
4.75026
5.57391
4.14712
4.53459
3.63056
4.98018
2.95286
3.61653
3.32812
5.61330
4.33365
5.38221
4.74849
5.03775
4.96420
3.73896
4.50170
4.35230
5.39672
4.14205
4.13277
4.53840
2.79338
3.61588
2.82179
3.54071
3.28221
3.06674
3.75028
4.98776
3.13983
2.87953
4.26461
3.22566
3.44785
4.33317
4.25004
3.87505
4.67627
4.34185
5.58048
4.28706
4.38875
4.05890
5.82194
3.75504
4.30445
4.68267
5.40203
4.31858
5.59436
4.78508
4.43461
3.96892
4.07309
5.39554
5.08772
