3.59274
5.22533
3.63222
5.21511
3.12163
4.00872
4.48296
3.88690
3.76841
4.35593
3.59673
4.02692
4.70527
4.73478
5.13312
5.54214
5.01359
4.32556
4.42685
4.75977
3.95132
4.70756
4.13096
3.19770
3.68852
3.32027
2.94279
5.02336
4.10977
5.19003
4.77198
5.57524
4.79852
3.69754
3.46908
2.88649
5.14604
3.51167
4.62434
5.56742
3.63783
5.24558
4.75156
3.87589
4.59727
3.64487
3.18423
3.54058
5.67229
2.75225
4.33471
3.80151
3.87116
3.82509
4.39206
4.90576
3.51076
5.78521
5.82455
5.72271
4.81824
2.83849
4.87454
4.41883
3.67105
3.68816
3.55896
5.94221
3.93948
5.41141
3.87491
4.20150
3.97862
4.18104
5.80046
4.67105
3.51322
3.89561
4.60427
5.47292
4.59025
5.18641
4.95695
4.35799
5.00537
4.34334
2.83641
3.62217
3.38151
3.51821
3.67475
3.43612
3.64644
4.04400
5.25623
4.34877
4.90464
5.97935
5.14277
4.53178
3.79007
3.94956
5.31490
5.61163
5.04026
5.85835
5.48761
3.85894
3.89489
3.10240
4.50229
4.08271
4.59813
3.77619
3.91220
4.45212
5.33530
4.07533
3.38628
4.20124
3.17756
2.69084
4.64974
3.62489
3.57764
5.42488
4.62184
3.45417
4.99498
4.18134
2.85463
3.49464
5.69008
4.33752
5.32371
5.36381
5.01713
4.45306
5.43236
5.69660
5.31584
5.19193
5.52281
3.59701
4.94960
4.33648
5.17732
4.47101
5.89166
4.87061
3.86220
5.18811
5.40439
4.44613
2.90849
2.99848
3.52683
3.16992
3.68723
3.56899
3.61335
5.80074
5.23402
3.36935
5.50690
3.47144
3.54955
5.21231
2.75568
2.68488
4.71051
5.40572
3.61360
4.10157
3.54652
3.57050
5.20028
3.58728
3.89299
3.63051
5.91802
4.75396
3.99277
4.95647
4.42947
4.58027
4.06278
4.32493
5.24193
3.71535
5.21013
5.73423
4.66162
4.04087
5.65185
5.95219
3.74580
4.95543
4.71126
4.22896
4.54856
5.03087
4.48621
4.95264
3.79950
4.30192
4.93333
5.49184
4.86108
3.51625
4.43129
3.22045
5.16547
5.58032
4.67985
4.88789
3.87332
3.92777
5.92592
4.09445
5.28748
4.54437
5.31193
3.20656
3.86350
4.73154
5.48392
5.64037
3.38494
4.42513
2.74529
3.63590
3.32069
3.60471
4.74420
4.48537
4.73605
5.79031
4.86944
4.27150
2.93370
3.10171
3.98088
3.93575
3.58851
5.20865
4.40116
3.95789
5.38232
5.42811
5.66884
4.70945
4.34744
4.85440
5.74797
3.34055
5.96825
5.20820
4.02897
3.73549
3.72946
2.88073
3.31036
3.34504
4.12194
3.61703
3.45482
