5.63025
5.49816
4.38924
5.33039
4.44175
3.54014
4.10691
4.32290
4.46433
3.67048
4.76047
5.89503
2.92735
3.63551
3.48043
3.67459
2.88061
3.37237
3.39776
3.92411
4.08605
3.97727
4.51330
3.84212
4.46472
4.81806
3.36294
4.38016
3.66220
4.55073
5.67885
4.16224
5.04276
4.99317
4.31882
4.58765
5.32446
2.86192
2.90112
4.17337
5.08678
3.97384
2.99351
3.24789
2.97513
3.40428
5.63334
4.31111
5.44618
3.60502
5.59794
4.18097
4.49126
4.23871
5.90103
5.42618
4.85792
5.06724
4.84927
4.73524
4.26199
4.72345
5.68793
5.70527
5.59302
4.79772
5.25861
2.83440
3.03119
5.97825
3.82097
3.30705
4.95162
5.40476
3.08235
3.33867
2.70470
3.96385
3.14887
2.69013
5.65984
5.02877
4.40346
4.43059
4.29154
4.16509
4.83622
5.26209
4.54086
3.97232
3.50156
5.09296
4.78409
3.66526
5.93869
5.02625
4.03809
4.16213
5.25724
4.63063
3.48108
3.53579
4.11458
4.48738
4.68701
5.66687
4.21568
4.47840
5.52566
5.36981
4.88014
4.51192
3.69141
4.18135
4.92883
5.21017
5.46510
3.62242
4.98049
5.90017
3.29601
4.63287
4.96969
4.72878
3.97001
4.00176
5.46984
5.52283
5.01802
4.98505
3.59189
4.20824
3.69653
5.46165
3.72696
4.81878
4.06560
3.94530
3.09032
3.64859
4.96373
5.11456
5.86044
5.19866
5.46866
5.63296
2.70972
3.21974
3.25192
5.19536
5.01394
3.93320
3.92742
4.23910
4.02893
3.86297
2.84405
2.83642
4.30476
3.50966
3.51263
5.23300
5.18426
4.20898
4.42633
4.12803
4.50361
4.77423
4.66644
4.45157
4.58144
3.73360
3.51652
3.49651
4.43678
3.85406
3.38637
3.51679
4.53482
5.68564
4.78328
4.36342
4.57219
5.57910
3.86291
4.31157
5.47407
5.80900
4.96859
4.20859
3.57127
3.76166
5.67044
5.06653
5.68487
4.69421
3.69104
5.78419
3.19428
3.47970
3.66625
3.65133
4.72201
4.09166
3.87147
3.97835
4.71334
5.16490
4.48312
4.87116
5.53315
5.17886
4.44420
3.98471
5.11674
5.09416
5.57728
5.45676
3.68855
4.95892
3.36583
3.29255
3.45679
3.48645
3.52264
3.56350
5.73699
3.44681
5.06971
5.99054
