3.72490
4.04532
4.68812
3.96259
5.64145
5.72135
2.90792
3.49362
3.11321
3.55175
3.74279
4.36708
3.35997
3.98693
2.96312
3.74262
5.65158
2.96877
3.75751
3.36324
3.95294
4.57919
4.58294
5.45100
4.34369
4.81360
4.65851
5.45870
3.28262
3.69007
3.23707
4.98771
5.32784
3.83371
3.71314
5.75522
3.47468
3.03812
2.88903
5.40659
3.90211
3.13466
3.31076
5.48709
5.61150
5.73168
2.97210
3.65099
3.55501
4.36236
4.70273
5.50344
5.92941
5.30933
4.23563
4.79155
5.02000
4.40387
5.44666
5.41395
4.85922
3.81813
4.75717
4.39416
3.89958
5.44300
4.52499
5.58644
4.48555
4.24021
4.19030
4.37508
5.61783
2.93043
3.41686
3.26628
5.68978
3.73086
3.73979
3.21978
2.71319
5.17210
3.92785
2.84515
2.67443
3.98962
5.40197
3.85500
5.33102
5.47845
4.24871
3.41482
5.99727
4.99493
4.05301
4.35826
4.08349
3.84316
5.72781
4.58637
4.24858
3.97186
4.10708
3.85671
5.12200
5.22298
3.96189
3.94834
3.43927
3.69058
3.53092
5.34990
4.57859
4.41621
2.77865
3.19116
4.65447
5.20816
2.89410
3.16006
3.23374
4.77344
3.77447
3.57584
4.04361
2.84120
2.69609
3.79003
3.50477
2.96044
4.84088
4.56671
4.61242
4.30074
5.55317
5.06981
5.89394
5.78914
5.61315
3.89098
3.98896
4.46642
3.09249
3.69689
3.58836
5.34649
4.15130
3.01551
3.52681
3.21691
3.45951
3.15221
3.29898
5.10005
4.65547
5.64259
4.74092
2.68250
3.59174
4.85985
